space ship coord:                   enemy coord:           distance:        player velocity:                           enemy velocity:                      enemy direction:
***
[500.0, 500.0], [327.3149044354439, 290.04538191292136],271.84753794403014, [0.0, 0.0], [-107.94297351983545, -21.14827926076761], -150.18045902252197
[500.0, 500.0], [334.8195056397084, 292.0600868276375],265.5628046380742, [0.0, 0.0], [-117.40487274699751, -38.70667971233331], -151.680588722229
[500.0, 500.0], [340.95907403826305, 294.3789002337431],259.9500967490716, [0.0, 0.0], [-124.6130566249425, -52.08287153375459], -151.680588722229
[500.0, 500.0], [222.6440577189218, 268.2975262739521],361.4033135561913, [0.0, 0.0], [1.3557096182709851, -52.73587622214888], 235.5322241783142
[6.796629830209074, 319.0502147717086], [910.350246429288, 331.13452868413617],903.634422049099, [82.20805482047011, 29.645718010748126], [-202.48213942501738, -287.8159166553784], -52.17552185058594
[628.179279066905, 821.8876881421359], [189.91140378577597, 877.858159146358],441.82736914757754, [82.20805482047011, 29.645718010748126], [-222.61451385574944, -421.11107053774066], 709.5047831535339
[611.4005454277444, 815.8369719789773], [213.67624872883127, 920.2709113145817],411.20683830622, [82.20805482047011, 29.645718010748126], [-229.72765987565464, -390.91148038751396], 725.1078486442566
[271.35916673926715, 972.0785071956582], [402.5945849865664, 730.4174353113909],274.9960157289493, [82.20805482047011, 29.645718010748126], [17.175812359263052, -383.11018599784944], 482.2591543197632
[609.2102535160973, 733.2008222436242], [272.4798338212926, 171.78974791948835],654.6524038920346, [82.20805482047011, 29.645718010748126], [-35.801635988443756, -1005.5088229121469], 689.2349720001221
[600.9965510478199, 730.2388119183524], [274.1546538217204, 214.33454699470292],610.7232076389167, [82.20805482047011, 29.645718010748126], [-42.33330476524853, -994.5366252135309], 689.2349720001221
[592.2878132076191, 727.0982828448457], [276.6759643933193, 267.5435189217966],557.4956682848306, [82.20805482047011, 29.645718010748126], [-50.60540061549135, -980.6407780491609], 689.2349720001221
[610.0989040592922, 521.3120488369486], [646.1723867145138, 140.74345740477278],382.2744419073121, [-165.2181264402568, -76.72361323250571], [341.99901688820904, -547.4207419084594], 1324.5527148246765
[626.9531615856882, 529.138790149403], [625.7370632051118, 174.54427655637116],354.59659891988537, [-165.2181264402568, -76.72361323250571], [324.082849919163, -550.9913224001313], 1350.055754184723
[165.5769397055195, 779.4114607530892], [915.8573180282217, 346.2826035770589],866.3262970813429, [-165.2181264402568, -76.72361323250571], [435.1986968898307, -806.2466062416952], 1516.8001651763916
[365.8729329979234, 336.76836008298756], [466.0748003977092, 110.62573906082515],247.3477294684098, [-165.2181264402568, -76.72361323250571], [609.4937803785115, -601.658793293575], 1314.3974542617798
[19.256403814929108, 104.67750204256447], [436.0593333632796, 10.702887840426971],427.2656201878731, [-165.2181264402568, -76.72361323250571], [522.8156452858163, -740.9110045033963], 1078.3173441886902
[438.00759532448836, 299.1362164115833], [706.0748917429244, 172.88730712938917],296.30872836289063, [-165.2181264402568, -76.72361323250571], [558.6962082825037, -867.2475473313416], 779.3753743171692
[471.9600986707304, 314.9030017585553], [646.4791022237516, 262.48664554412585],182.2206272624957, [-165.2181264402568, -76.72361323250571], [574.5291989212545, -841.1310091234875], 728.0001044273376
[77.37895316611731, 596.0950047442454], [765.8929086652188, 765.5751545216772],709.0662790498498, [-165.2181264402568, -76.72361323250571], [328.3728393345794, -463.5093546821005], 716.3053750991821
[68.74135791084578, 521.01762847894], [579.7938562302166, 280.6349631750304],564.7640939516976, [-165.2181264402568, -76.72361323250571], [148.56523071128248, -775.6655040181399], 754.8418045043945
[85.1224105019469, 528.6246239728359], [571.6448055317629, 321.6568528789205],528.7151398788687, [-165.2181264402568, -76.72361323250571], [154.8472569765414, -761.0466991646103], 732.9025864601135
[500.0, 500.0], [256.75102477273185, 229.39159587138948],363.86669582987327, [0.0, 0.0], [4.573863279783671, 116.21138202042827], -145.96068859100342
[500.0, 500.0], [796.9245172079218, 409.983892104935],310.2693484695732, [0.0, 0.0], [208.19127832762533, 76.32406906601145], -235.11993885040283
[500.0, 500.0], [782.4178555263436, 405.2847291893109],297.8772022912141, [0.0, 0.0], [224.65179390079606, 64.84956821877823], -234.3699336051941
[223.19480311586966, 832.6796681373303], [749.7322114260178, 980.1688404709822],546.804076709047, [-99.8318364948988, 171.97648167193972], [401.10135312884177, 227.46922310182924], -305.141806602478
[274.4759319364827, 743.3140615950585], [639.2029721705608, 919.7927252682563],405.17963005287965, [-121.36357622319622, 275.9476078945127], [467.7962978399275, 256.5870244932503], -326.7820477485657
[301.6907764330009, 621.327242587796], [533.7561827858515, 854.8163648834008],329.19830354375387, [-7.532486967116886, 309.7573449389713], [464.4377362737318, 321.5454141222552], -355.74424266815186
[849.2001137431578, 509.1847635072942], [534.2991282383822, 140.67994455586236],484.72510999772487, [220.5357467750378, -262.4146159522599], [-211.42121229035038, -212.45020625011165], 160.3482961654663
[825.7733830206736, 534.7243344951866], [548.1892621918664, 155.59462659551443],469.8853898009519, [247.38004549519553, -249.05461997038356], [-200.76986039214142, -229.39206398374978], 135.3607177734375
[398.71674834959884, 249.55092245313605], [217.2049100854498, 47.3451957627741],271.7235789113782, [-31.981366648858295, 302.0712709064845], [-197.59084611221564, -548.5880002005123], 336.17472648620605
[609.3374999649249, 871.6056908686307], [625.0661529336802, 805.4677626778337],67.98246884000733, [-233.10822542775807, 145.7642373350492], [-214.2670745629879, -576.2818681851645], 132.64721632003784
[631.8162174829154, 855.95787077854], [634.4273017270502, 831.413181127934],24.683183566439283, [-204.4137862942923, 156.3118873090644], [-207.02904559988596, -587.3550351638239], 158.33842754364014
[423.6347685811163, 302.01229496830206], [120.31400871610504, 129.8858960600527],348.75633408758273, [-189.00965286393443, -258.77258895403867], [-53.92845470195435, -384.1357809780481], 278.9424657821655
[150.35516080150921, 671.2014746483787], [116.7620187982168, 544.6273232116538],130.95615679142523, [51.55259337688328, 347.1387613961443], [-140.42579221968214, -664.0861476660748], -158.87868404388428
[508.08100185530213, 732.3019650406713], [898.1764374937345, 209.87135288636034],652.0032158063843, [-80.69304588275318, -19.062019624752764], [-199.1130128547441, -481.73043289745146], -620.1850771903992
[409.68041117203575, 258.29361078300366], [722.8016312700072, 184.85375813373633],321.61826818883964, [30.959837759902996, 185.85692331646948], [264.9085270825799, -86.06960654736163], -644.1256999969482
[453.2808588176153, 572.9453900091805], [474.19106096931654, 560.2831483913221],24.445222781026903, [-39.664940203486225, 118.70017663371755], [395.45030946893957, -143.36347058853536], -282.4198603630066
[402.0918896886895, 711.4006792693375], [657.8684671329279, 380.41492501255095],418.29801229508894, [27.86029454186457, -132.3512104941021], [603.3677417179183, -167.32497559661965], -163.46383094787598
[575.4687848962119, 313.728633618565], [914.3217342017949, 422.3740594120943],355.8442774570771, [85.32832350301511, 87.94241879647728], [846.5514826650883, -171.5270392968668], -723.3394980430603
[567.0189025910789, 305.01988301909165], [868.6972089004508, 431.18522771548857],326.9976983100216, [85.32832350301511, 87.94241879647728], [842.3520356279125, -156.01540914931147], -748.0964660644531
[836.2242758743969, 703.5818637342361], [1000, 601.3783654875491],193.04932754797724, [135.64854387808532, -63.08305514057497], [1264.438347334756, -188.2041019688624], -890.6264305114746
[569.0226278735573, 160.96447317306186], [822.4677594582121, 33.27840791552391],283.7924699228561, [-56.73659681222344, -1.5414637276755738], [1019.2632103355807, -14.763212521414783], -878.386914730072
[839.4566047038843, 407.10342619228726], [918.9381019827207, 392.30344350688273],80.84768331358637, [-4.885551108921788, 8.404795671327042], [1474.0738094014835, 438.5936519730649], -2011.9940638542175
[167.53626606722975, 62.692352626571164], [94.05604588559387, 312.62646308112335],260.5118084207508, [-66.79704882398038, 56.50692758670849], [-140.91673494429693, 339.5176151048151], 344.7034955024719
[174.32981433118374, 58.496735856867716], [103.91303195150667, 288.63538508647144],240.67056552460542, [-64.64822878852887, 25.556212179855667], [-146.34372438225407, 359.3601035085574], 344.7034955024719
[533.3839220985152, 567.7879990621001], [591.3794650779981, 788.9855769496248],228.6741163070115, [62.46177808695545, 203.66362154317363], [-245.67317222849948, 609.3797231713327], 1154.6176075935364
[287.3093309712231, 481.9245138450125], [610.4684834245227, 604.7565694608998],345.71599861903894, [56.56456168179838, -34.89713811751049], [445.5909846749731, -369.52515439867796], 1448.542296886444
[350.9346578487538, 176.51436571524962], [344.68501421600234, 171.29408497919806],8.143056950530404, [-224.98188696346136, -74.43798815039904], [466.8181222094904, -849.9244876472039], 1357.7909469604492
[699.5738554045743, 578.4020930408507], [822.7695900614817, 236.19179243914814],363.71015778441324, [60.50600076422065, 14.032035366392387], [262.9772263021422, -841.919438359839], 1228.8787364959717
[977.542732299467, 667.7140755889953], [982.8449609850852, 646.4592620247433],21.906180148207106, [428.74595167937275, 216.47116578115308], [84.73422245595387, -205.2731344138418], 1149.5137810707092
[986.8795830849599, 731.1641265211956], [581.7312156293176, 519.5562185875375],457.08107196867354, [167.54906759125507, -45.57724468186653], [2.821620983795143, 55.083375768497454], 1292.520821094513
[594.3263372805338, 26.683005381842413], [423.85815111435954, 227.03114750073627],263.0566109134647, [191.73617251480812, -163.07346261498668], [-254.54657999842354, 379.1135067212194], 1391.5473222732544
[558.0205432755469, 54.282388107973965], [450.4126310329967, 187.43872819009056],171.20185069462497, [164.50536795200588, -108.24575870559389], [-269.8728086685715, 405.06631526276993], 1412.5598669052124
[541.948753845415, 63.8832734158874], [470.0158440876645, 157.8602771602745],118.3470351930678, [150.8848114787527, -80.82152907350975], [-279.84510792443086, 423.97697979855633], 1409.047245979309
[500.0, 500.0], [301.89485629227096, 244.15857812219608],323.57453718102795, [0.0, 0.0], [11.32507773696289, 36.43563229071707], -143.3693766593933
[500.0, 500.0], [501.0718495700818, 411.2793229807329],88.72715138140069, [0.0, 0.0], [-316.59583681825677, -240.0127069056378], -209.17224884033203
[500.0, 500.0], [520.345926641483, 426.2646653900715],76.49089031341394, [0.0, 0.0], [-294.89592619856035, -237.74882637676285], -234.25394296646118
[265.9621073240644, 53.79669553865144], [26.76086960020916, 914.8506627555147],893.661662257324, [-255.2750094073922, 16.091957074191683], [-172.51577927226572, 298.62916280924566], -390.16640186309814
[781.4066663899987, 986.8707161030753], [102.19548990774952, 985.2347053397625],679.2131468026945, [-16.987642963188517, 49.16433053912827], [-517.1843436755034, 118.44214408652842], -452.802836894989
[214.2903933911741, 121.56579117896611], [77.48179868320491, 891.5840918515279],782.0772180268576, [-123.09280928572062, 178.4005508741383], [-698.1204103788631, 646.472743251921], 1502.9650330543518
[492.88205952231044, 192.54171266975465], [613.6806397447248, 388.9502900579904],230.5832306465968, [-209.69101306982753, -255.27863719641425], [-327.6504130699815, 413.36396396295595], 1545.1023578643799
[567.9758253354801, 335.0037355739606], [46.94696521950388, 569.6967432826934],571.4471812347356, [-86.72871117664464, -256.6522016441889], [-370.29875084005744, 362.01154826513744], -834.1565728187561
[314.69387801430986, 558.0186532325854], [152.02000532461975, 544.1401763484422],163.2648185509824, [-124.20969902806426, 79.48193209925459], [-288.53939499047374, -37.449318808909105], -75.25521516799927
[326.6791580297068, 548.4294156824908], [173.09760097769552, 546.9394359068519],153.58878444161218, [-108.42219427276072, 105.55280481810865], [-315.98065674240996, -43.340995799395195], -66.54900312423706
[871.604396084901, 679.0504535878988], [768.2566092245104, 487.12787604481804],217.97945045283646, [-142.1457738424636, -414.96212115935316], [-35.52536335215384, 246.55419108780762], -277.9589891433716
[241.98556220204247, 297.9867235590991], [565.1595118337553, 286.8448897351644],323.3659570541108, [-128.9773902553377, -327.5799381211299], [181.04577590839537, 32.49738396493855], -203.17524671554565
[618.1388750148997, 737.4819335050963], [372.4263584099862, 588.9733544158314],287.1052749070144, [390.97535621548053, -320.1801928370015], [-190.07612383115924, -174.91040527150403], -170.413076877594
[577.9094000960791, 771.6951622609668], [386.39183715736624, 601.6613108056745],256.1063988944912, [359.5023911639126, -314.6062145764459], [-195.36329389522584, -174.98866598248804], -194.76526975631714
[455.8868765005103, 901.6612458183803], [163.65732048242594, 373.42938423714173],603.6779050123563, [265.7510953679795, -362.9140072744458], [-184.18235702258832, -130.18499391774895], 1434.31156873703
[215.7017623306437, 379.6312963871839], [208.61018798232354, 387.01185967457286],10.235386713598379, [149.3647588178728, -460.4601697609643], [49.17049813697731, 58.6279127178177], 1499.0543723106384
[428.3716570540232, 941.0572159515731], [435.33308893352694, 638.7809513306637],302.35641499227864, [265.8972086524251, -393.8366828222585], [-164.36341535877028, -104.04939470688531], -307.68465995788574
[490.5506275613448, 505.12855810059284], [258.6552969961234, 875.274021736716],436.7872578136339, [61.0426032380696, -47.62260490939919], [19.06960892855586, 902.4048856402663], -118.75706911087036
[662.7796269041992, 534.3718088186502], [654.6317280073638, 535.0212377454303],8.173739313434831, [5.946776260509459, 151.90433633806722], [-545.6950703094668, 1499.9142481980844], 139.42545652389526
[660.9356545996426, 520.112362900463], [647.5176068862111, 542.9004757347586],26.445076876207263, [27.232141265182175, 130.68512849732085], [-481.58569327508394, 1471.6389534267357], -161.92591190338135
[634.9949279818755, 487.48217084717703], [555.675052354922, 585.3262602821036],125.95677237380012, [106.16341322070161, 39.094164565682036], [-453.73606270895687, 1357.9621666912437], -92.71371364593506
[622.4815127391079, 484.4970961599617], [577.0178766193852, 521.9735866435925],58.91883865281308, [128.88714588737417, 17.698570677151906], [-465.4593987840643, 1372.20710157514], -92.71371364593506
[535.2459151269092, 508.8996847900606], [388.5105382544448, 780.0006945216676],308.2645427281591, [122.26740236572307, 55.743229460495236], [-913.3728080605082, 1400.3877969923597], -355.2166819572449
[535.2459151269092, 508.8996847900606], [410.99243983645516, 841.4645106081632],355.0187171026063, [122.26740236572307, 55.743229460495236], [-913.5861708783243, 1397.8380240797067], 70.9567666053772
[168.37401313860155, 387.0156088843478], [159.05430757988637, 419.9538732935376],34.23136243258288, [165.95081722541812, 89.99082117311727], [-1047.534485477035, 946.5779540693592], 68.18026304244995
[461.8394688488749, 543.9787374959861], [139.704788339307, 836.713097347483],435.2748072478662, [-379.5571572987721, -296.56550819459676], [-1014.7894665531987, 439.14705403407066], 290.9943461418152
[548.245172150508, 612.3612155999028], [445.7820244670333, 637.4960852468201],105.50098722463724, [-425.0494486379274, -341.7178864154033], [-1013.5592876038393, 411.40460427431725], 197.29793071746826
[593.3246877411198, 649.6017013130586], [423.18932551854334, 805.2989798814941],230.62455210194838, [-436.03128296637317, -370.740890757954], [-1012.6168272236018, 396.86756051095847], -69.16314363479614
[639.1717953269438, 690.3977585693444], [590.7650180810477, 700.996229100495],49.55344247308622, [-433.051709177232, -401.89362946775935], [-993.281773082723, 398.6767243030306], 194.74226236343384
[998.4861414678392, 96.45643577041245], [0, 427.4452422103126],1051.9164247656956, [-346.6602228245544, -313.72419412739265], [-823.348057935833, 964.4835462418878], 73.60011339187622
[254.49925690853547, 329.4461121175791], [119.96018735981788, 520.3406882015205],233.54121780384367, [-346.6602228245544, -313.72419412739265], [-773.639007869754, 1282.8424643081903], 252.5748610496521
[500.0, 500.0], [299.58422985929116, 999.0032292796693],537.7459472210197, [0.0, 0.0], [22.683019754675207, 249.19588838086048], -35.31754016876221
[500.0, 500.0], [570.4022629274232, 884.2240519237647],390.62078887588393, [0.0, 0.0], [161.86909570160006, 844.8756035812411], 8.446931838989258
[500.0, 500.0], [877.1983508352947, 654.9278932438864],407.77597768610053, [0.0, 0.0], [619.3095349202371, 737.3869704655302], -224.54684972763062
[500.0, 500.0], [550.7950252811321, 794.1234656218876],298.47738209576374, [0.0, 0.0], [604.977621709328, 701.8592741920033], -96.09019756317139
[536.4818770620504, 505.8578636770947], [841.2431962498557, 616.5083567966001],324.2267621598825, [-122.6314698804006, 29.63765340025297], [714.611612814317, 482.4975594168432], 83.70327949523926
[562.0309633164497, 422.14670093549375], [818.0924720912338, 705.2297369078145],381.711280330206, [87.92012551187807, 47.78205222659593], [937.855793675902, 610.7405971207982], 14.163374900817871
[532.1513988402698, 464.443296515014], [636.4153085205722, 486.04615642077925],106.47838474512267, [-66.42153260610421, -67.90583364732493], [636.0639095064768, 501.29063582689344], -222.59360551834106
[543.6835140653602, 418.89193327421566], [937.0141957961226, 724.3010593459351],497.97967777679213, [79.31939965484419, -14.10587951939823], [848.587844233102, 653.2929355123559], -133.2048773765564
[594.863813981951, 434.6997440069767], [411.87770648020694, 789.9432518369393],399.6021338706496, [81.65532558696933, -37.72872474539911], [371.4260384037322, 185.16367449147228], -440.4810667037964
[538.5056967693741, 479.306301086325], [482.71211638445794, 431.5735264402301],73.42575425273466, [2.694279250834244, -90.7403371409992], [191.90540216969134, 172.2529394993405], -133.3683729171753
[538.5056967693741, 479.306301086325], [920.9986933700642, 977.6624154436303],628.2194753156631, [2.694279250834244, -90.7403371409992], [192.8858591837018, 174.28100010680717], 25.801241397857666
[618.243467533079, 432.01070288542684], [838.1619723119328, 919.7718596562917],535.0468155204916, [-173.29283506714373, 138.3142572151922], [227.21018821115612, 96.65482583854715], -20.791232585906982
[832.5800551205062, 413.8364689915184], [513.9639909086375, 790.6450839982377],493.458132689232, [-238.47324397558728, -103.88836945979237], [378.76932249237757, 574.4795113041201], -271.05212211608887
[922.2347358836397, 443.30421379303954], [464.18915155888317, 683.2454536350045],517.0856369077632, [-316.8592283887562, -64.87969457034956], [213.63280153230417, 569.910715306686], -257.946252822876
[517.9421256970774, 404.7242758573528], [687.1840436875773, 438.08040685976937],172.4977051457598, [-254.04339737100386, 4.295307457333795], [604.3950145188315, 434.57099106204936], 112.72042989730835
[659.5279774779684, 467.9995931499605], [657.8633949029585, 476.4686685208786],8.631110750495479, [-126.29353101787015, -160.98377418767998], [829.7865001912769, 555.3475441992493], 663.6181473731995
[500.0, 500.0], [428.2218744209227, 461.0614138054879],81.65973797700578, [0.0, 0.0], [260.2354136607246, -53.9279598281248], 265.9386992454529
[500.0, 500.0], [83.07570735847678, 188.53068697180325],520.421942997114, [0.0, 0.0], [125.35796119163763, -82.75347054551094], 250.68539381027222
[492.7321380098486, 499.60589531162367], [462.6521232967863, 102.63317141268716],398.11072681463804, [64.67656937098155, -3.0139956423578145], [-209.94684797804078, -738.5716915512872], 157.14991092681885
[996.6763333391056, 254.31922095829106], [455.15423065874853, 166.54384440387457],548.5897414467615, [303.5864074089562, -348.8104942800344], [209.63042449804374, -584.4036993223795], -57.10095167160034
[458.3368085025348, 620.6539196065456], [139.0400883600744, 237.44998347599187],498.7941982017054, [201.30970393748467, 24.6688505842941], [258.1995512243704, -271.1560907505678], -461.52520179748535
[405.0454596420305, 624.4706704904357], [102.15886876391694, 293.38037785193103],448.7327365071735, [140.71633170909146, -40.02219832073516], [130.0396072412406, -321.61509649577596], -461.52520179748535
[391.99876189836027, 628.9055535153043], [92.95441436808136, 320.27703116514294],429.74304717802505, [109.44526982656558, -42.86549717597205], [95.61355329069976, -328.98541722801104], -461.52520179748535
[398.63859748771335, 618.2414037097351], [376.84241593154485, 609.1810735390002],23.60430285418719, [-132.3501666632463, 32.684721461869636], [-76.99270298176809, -271.3257436678823], 616.4398789405823
[413.73550031196004, 613.7211015080063], [72.0042010923341, 522.0092652579128],353.8238852518262, [-154.27488003040148, 54.66760552438087], [-135.01839762775126, -261.0838792429651], -415.6268835067749
[535.3546706300845, 487.4920782678077], [363.5008431226371, 303.9843243961434],251.41367059088654, [-129.72122083264748, 31.268188314427398], [-487.8175040405806, -378.97091243351053], -486.8764877319336
[642.2164505800507, 361.23459878481617], [633.1991312087933, 98.76437634309966],262.6250744259721, [5.534694349275676, 17.648090440694457], [-319.7628251071536, -638.0134378208346], -580.7747840881348
[641.9329584379046, 361.0447985098371], [652.9898382542517, 138.316198073253],223.00287900319287, [-1.790672409333418, -12.086810166271528], [-326.045920462054, -653.7111965244798], -580.7747840881348
[430.81365592343616, 583.3428196117717], [783.6538380609239, 124.11099343829251],579.1287113426895, [-12.595777216538956, -308.8003622343096], [-110.00425924225391, -591.9339293502276], -617.9081797599792
[500.0, 500.0], [183.89624959525722, 652.6200461735094],351.0191725731631, [0.0, 0.0], [105.20187461446389, 295.3944325477822], 257.3709487915039
[500.0, 500.0], [186.0649594449738, 909.4022843853979],515.912240742811, [0.0, 0.0], [-20.955980745802147, 372.3269255526054], -420.7269549369812
[503.7297114809868, 505.89672709010586], [645.9336159566539, 740.9612396103778],274.73127869705286, [-30.745014397815687, -55.71572328282611], [-212.73486139142494, 376.3023889760862], 80.90049028396606
[277.85500615564956, 564.078995960825], [225.3670343154326, 857.7582648419764],298.33286804920954, [242.3181112073697, -228.7292221721233], [369.7987386954569, 470.93795490467494], -42.26440191268921
[198.30593796150188, 641.9627804547531], [810.1642712525587, 990.6394359484063],704.2343573725651, [146.27375718540037, -151.49713905874606], [388.61270211071917, 584.81559640313], 834.9074721336365
[372.1608891730247, 579.1547358493028], [783.9794957391344, 910.7040194941007],528.6960300583228, [-141.2830096436855, 241.55404899877854], [257.4003678112175, 505.4209769208352], 49.60286617279053
[633.3842731659404, 220.82712812590137], [200.53478700578356, 612.58338638688],583.8078824028967, [117.83572642650087, -85.27092244886634], [327.3523088280925, 143.05221566406988], 997.4668025970459
[698.0954698767625, 492.66898238912125], [875.7546802987198, 829.778603936308],381.05864638850636, [-11.14037377722143, 36.2005848727725], [804.3840756599319, 1359.058824238601], 1091.773271560669
[699.2679318097453, 488.8590736227006], [812.165529477173, 720.3810761182295],257.5816476354946, [-11.14037377722143, 36.2005848727725], [812.5812507908928, 1414.41446914625], 1091.773271560669
[700.4161252120725, 485.1280253165571], [767.5730324669585, 642.0174235994631],170.65852889795354, [-11.14037377722143, 36.2005848727725], [827.837363311934, 1463.4265427253677], 1077.208697795868
[701.5822922542102, 481.3385717641953], [714.7458038455401, 547.6111336845356],67.56722948960106, [-11.14037377722143, 36.2005848727725], [836.0193698533805, 1507.856556858563], 1051.0388612747192
[728.829459439031, 446.43570506703094], [811.3806543868709, 765.7192248179582],329.78275541916537, [-19.911533816643793, -28.079417852056554], [675.2105425450588, 1553.309163337613], 1056.8739771842957
[730.9842496496059, 449.47440892899436], [762.8051159363175, 651.6831470039],204.6971941309469, [-19.911533816643793, -28.079417852056554], [664.9793964103354, 1583.3140321291014], 1032.5903296470642
[732.9728945687295, 452.27881325854753], [732.6198260933405, 578.788811563071],126.51049098141566, [-19.911533816643793, -28.079417852056554], [656.6170369317858, 1604.723332524214], 1013.1807327270508
[275.26500437168, 673.5209387122562], [279.600493956691, 748.1771984748656],74.78204056913627, [112.25640302501616, -74.72305274507029], [471.7835349767774, 1836.5250663202573], -1193.8307285308838
[167.0058800630715, 518.0441652233404], [722.0124246440616, 968.229964168048],714.6324356613093, [-97.74334242790387, 93.05620409030803], [1424.4034694638679, 1934.3307727656847], 1203.035593032837
[488.316788034544, 212.1412496289612], [1000, 807.0401846179182],784.6811150131505, [-97.74334242790387, 93.05620409030803], [1399.5366380611804, 2524.3415036729302], 1188.9439821243286
[500.0, 500.0], [599.9880956005427, 564.7937808548328],119.14635243803045, [0.0, 0.0], [22.276729983735002, 174.25064145671416], 71.75242900848389
[500.0, 500.0], [572.3707412288775, 535.7494691439091],80.71894901501416, [0.0, 0.0], [139.00564940078908, 15.504023005414249], 52.43653059005737
[500.0, 500.0], [298.2949998420089, 256.84791783279286],315.92379168239836, [0.0, 0.0], [38.657174192405414, 155.36410361437314], -148.69922399520874
[503.4126089723746, 492.048833151474], [539.5377626437887, 519.2716902463906],45.233954903297295, [-15.79738861614169, 67.35327056098201], [118.30672872261181, 153.34391683508352], 34.28208827972412
[504.32444451251115, 483.6809421672874], [532.0713711755134, 507.66978927789154],36.67910474559002, [-0.9556927716973196, 94.02131900930574], [107.21099136746967, 186.4481497013943], 59.87584590911865
[662.7495721597484, 211.9449137671063], [209.23662161392838, 171.71391056380523],455.2938940195875, [-67.69559136043297, 26.857532996717318], [-45.70318400524515, 164.61400913282287], -822.3097324371338
[668.731151729441, 159.25728199045946], [235.128691093792, 819.2982289893862],789.7247277276618, [22.01094071379179, 166.15491700490563], [-80.81077414012029, 72.86209801152692], -14.009952545166016
[597.8627833504913, 541.9463806716684], [331.7033972594851, 720.8873310428951],320.71900867285547, [-30.29455885924765, 226.5072195608232], [-200.9355405821518, 107.38874323424966], 687.1957778930664
[588.547614444208, 611.5943005672787], [293.89919146185304, 59.1592228011398],626.1007972463129, [-30.29455885924765, 226.5072195608232], [-84.62622830498366, 123.27211815800959], -872.697651386261
[672.7521499766125, 983.0341431828339], [143.5074818987642, 306.4746562717056],858.9718610165766, [-30.29455885924765, 226.5072195608232], [-312.235784464438, -66.35383418918147], 933.1523180007935
[706.0811417386053, 301.92642460899816], [708.0876327253113, 355.5420158588296],53.65312321895839, [90.96996020689107, 47.895338670861214], [-157.72098430293838, 1.1625715836704162], 746.4571595191956
[611.9040198271467, 413.97690659087476], [622.607860806839, 420.66150786931536],12.619671389155451, [262.3002598044244, 403.29428980470936], [-271.8745466806026, 285.0289675106494], -225.99875926971436
[109.21488959844348, 560.6047285793967], [613.9099895484488, 736.2953478279682],534.4009146750147, [-256.3691922121186, -346.6743945628349], [35.93020739571311, 338.0390054383816], -580.7948112487793
[135.751553466573, 594.6152868703734], [612.7206080499883, 719.5774159946254],493.066945500774, [-257.04313540743834, -316.0738748229983], [13.707055868305986, 316.17355595244135], -580.7948112487793
[186.69723779985992, 655.2240282119961], [614.8742440053179, 681.6314796087897],428.9905618219856, [-223.06336179294928, -263.9856559223604], [-26.93402911884839, 284.5184831846402], -573.8733410835266
[639.3393381715773, 292.33879385177505], [623.861175095052, 888.6159162316061],596.4779796487005, [-46.28555578414676, -11.771618766297342], [-109.57911509111646, 154.49889643165477], -345.52329778671265
[214.5639384965802, 196.3375616905298], [284.84874073516596, 121.74029197576053],102.49246837995047, [-169.30953309415753, -56.02790627486241], [-357.18394220651874, 167.33676932924078], -230.96972703933716
[297.95075595637263, 191.90146008148795], [474.9719700945489, 475.5401421233823],334.34624598672684, [-149.5002724223349, 80.02942885342648], [-211.6509064881372, 99.7080586277911], 32.65291452407837
[588.817294313058, 272.0135092709149], [563.1588961796652, 400.9283744699009],131.4435082613228, [-147.45351078723476, -220.3358345557549], [-256.95130776748323, 145.4350707117548], 361.5339398384094
[622.293186788583, 347.32390677617894], [613.227583367253, 348.4799231494324],9.139011940470297, [-64.1300379489305, -252.3317624509405], [-155.91322912180524, 288.72397731879215], 438.98993730545044
[287.6016668196664, 387.6780551669983], [173.31700137699775, 480.4547593653942],147.2022472561453, [31.359978703815028, 327.07328599395254], [-119.92060821980392, -22.27385656061693], -1441.231906414032
[202.9042732337408, 296.20092419779525], [204.55613830704505, 475.1274319890396],178.9341327097506, [-77.96097573328078, -285.51815568441043], [-241.192235808394, -256.4471455523637], 736.3492846488953
[271.95214466022475, 519.7628425340375], [285.9423165691756, 525.6476074392599],15.177462503058095, [-99.35976189041041, -445.2543007235961], [-147.3221352352581, -57.38783143274206], 876.2494921684265
[490.27755733721006, 336.2731960933769], [382.0328466150922, 713.5560468807635],392.5038431628057, [-205.5992077213793, -347.0739020876445], [-123.41760494698092, -101.75710547997035], 1052.8504848480225
[741.3453098665078, 553.9473879142815], [550.7156802420591, 226.99723783428357],378.4653964738226, [32.193471694475235, 116.93180096292983], [96.60049775512998, -301.9375025946551], -1185.962200164795
[703.411788535644, 310.6222876378004], [732.0569360848078, 99.83745644527306],212.72232966704652, [-48.783849869928304, 88.58513738401108], [9.230550151410204, -611.135224020078], -1636.0808610916138
[730.5875065122118, 276.6249130209951], [737.5783673016994, 228.5007570738998],48.629276369264886, [-123.07242412462703, 130.73657364381054], [-57.716433707331355, -674.085939071879], -1614.8273348808289
[248.48866698996449, 964.061552037248], [468.8117052197237, 467.5272615023582],543.2205287466393, [-143.4230704234866, 54.72407090359226], [63.42271184201841, -715.351400319919], 144.54591274261475
[412.5999799946439, 976.883965995174], [728.6230340510837, 253.3909908007683],789.5015236532558, [-197.4393007667605, -69.18657188962155], [3.8212255307762044, -773.1866928939968], -1289.3163561820984
[707.351924895774, 977.3490010952011], [741.502492646721, 736.7153841965139],243.04484948144065, [-271.54420202487745, 46.59000961782837], [-15.551210931400755, -781.1880170516184], -1255.8615803718567
[734.3000123991606, 972.3960217150748], [742.3152703614479, 793.1518055822914],179.42333565413935, [-259.75381145534595, 55.99287337245762], [-10.564904501623419, -813.7994445448559], -1230.755090713501
[759.8086034269162, 965.8763451449818], [742.8566143322839, 837.9914859264132],129.00351604362427, [-230.59909281131044, 66.78720839872877], [-15.98010074684365, -834.6520810133796], -1204.6980261802673
[782.718817485727, 958.2970627547269], [743.7140017660099, 876.2081123865983],90.88438491770833, [-199.42249044352909, 74.4348705444815], [-25.52327001166938, -848.3198095826448], -1177.9472827911377
[815.1120460571595, 615.294777406232], [961.3895089357706, 403.2356267974276],257.61634168493856, [203.78222823054375, -30.179977364697237], [254.8875290479164, -517.8738275831229], -247.67637252807617
[687.8101970573665, 634.1480746474], [842.4363903604869, 571.5111829686318],166.83117171137923, [203.78222823054375, -30.179977364697237], [275.48673406141796, -368.2908951975703], -288.16884756088257
[666.6418481812595, 637.2830893907177], [825.987214396722, 594.1585129218832],165.07778418053775, [203.78222823054375, -30.179977364697237], [264.5568561536192, -379.94848624066447], -288.16884756088257
[773.1005308509768, 621.5166476300913], [946.8890158991901, 695.1794467411123],188.7555178219267, [203.78222823054375, -30.179977364697237], [309.85978890365266, -442.92084025398026], 368.6125874519348
[463.66518808263487, 810.2385787913043], [736.6381617879206, 106.89795943157773],754.4549497583208, [130.33621067630222, 16.798724520988685], [265.3730462860193, -800.5168003490692], 500.7562041282654
[797.4830085038277, 732.9100229525013], [711.1268755872237, 587.8339484382718],168.83260671081416, [244.59256069164633, 58.80189923215871], [135.4638364433158, -835.4193270770297], 977.7626395225525
[772.1138220910334, 726.8110789011013], [700.5150438574012, 654.5597488373346],101.71843363192431, [244.59256069164633, 58.80189923215871], [127.50780720479382, -827.9379155153707], 1003.6926865577698
[533.0073123380645, 735.980776209635], [679.024692534004, 201.58160711076385],553.9887609445245, [177.20219952181154, -146.20616152157174], [-44.24643176811813, -905.0274372251095], 1163.9938950538635
[185.32725316888582, 791.1027993174399], [142.0202215879309, 420.6444853723371],372.981046911773, [-70.73351065931888, 138.15409172233075], [-97.8355092740185, -869.3722895356369], -884.7070932388306
[222.2305379497228, 719.024660639682], [171.35577039599994, 656.862947217961],80.32633807892336, [-70.73351065931888, 138.15409172233075], [-83.06967832329528, -755.2770018003444], -807.1686029434204
[282.1780681983561, 507.96174722321103], [681.8849188238491, 641.2764595425882],421.3530336401395, [-87.83144099299331, -235.91359183261144], [-75.39556569585184, -168.6581215934608], -294.9228882789612
[507.40836686032185, 523.5247233782902], [432.82475978010484, 537.6057013999831],75.90117513677635, [-14.54676467605689, 172.5649541267818], [-158.557606388498, -249.41182509107037], -731.2785983085632
[507.27714948410033, 505.9484618978235], [504.5251594569453, 217.60384901165352],288.35774522211955, [15.474750610241863, 173.43207031044543], [-144.1615048181951, -246.23430179812848], 874.0917444229126
[456.3393959548572, 520.2103470001215], [751.3820016333846, 400.06742793623647],318.5662571063769, [-81.31671020414805, -82.97670046769595], [-275.7221346614312, -91.34380113920761], 1172.580063343048
[831.3983467733724, 409.1370483112494], [848.9194455922292, 248.1545287892978],161.93319763240538, [200.29899881028913, -219.87137617734555], [-55.574293940188994, -491.2560303785263], -2374.3607997894287
[811.052005785701, 429.75749109630635], [852.0744966769189, 271.0641837014675],163.90976350063121, [200.36355698868118, -189.81335517801168], [-71.17641585877409, -483.4601302616466], -2393.874764442444
[599.7403448748616, 511.4384745838007], [921.4134186918166, 335.7053478873193],366.5456291341771, [253.69036889468651, -27.49086337091927], [347.6328209477099, -396.3456058506171], 1894.9467539787292
[350.3059058237439, 730.8936137882883], [207.94884312164137, 220.13007098131612],530.2310156544033, [-9.813976224004998, 202.82186716051112], [309.8156936747674, -395.1641355345469], -2230.0609946250916
[542.7003194977647, 521.0638394563408], [733.1211204490755, 606.9642671751603],208.8994133960526, [82.57680291339693, 39.73881283288707], [689.1927941873931, 79.8327825984346], -2843.579590320587
[535.4995016222204, 515.9958163311816], [714.1590103248064, 604.3616299677727],199.31818047911784, [56.59778939077965, 57.35127454184071], [689.7614094623876, 118.4780893635248], -2843.579590320587
[702.3453949769239, 432.5435387696982], [962.0567026424377, 509.79963472642504],270.958424286469, [-13.575101954760573, 65.86264870125486], [1148.0866813454584, 543.837019538927], 1518.7958478927612
[711.3041238473576, 417.31566651273516], [815.9908450289068, 439.80581842950403],107.07528437964935, [-72.81755259993581, 73.00872693805618], [1214.1159496663072, 586.5130148182485], 1570.226490497589
[720.1043419755306, 410.6661446741167], [741.416178091794, 402.5114207444706],22.81871777763185, [-98.47340042707897, 57.22188430534713], [1217.8261415938925, 615.2459469994158], 1595.5398082733154
[234.05918006040716, 495.65776198815774], [718.870552369646, 320.4653282742377],515.4943797472225, [-31.4355636359103, 306.9700288247469], [1006.4798886784922, 470.03085326908496], 1995.6877827644348
[500.0, 500.0], [608.3990499311726, 570.3092070212736],129.2042515474671, [0.0, 0.0], [-71.15030330685084, 152.41577045414593], 72.548508644104
[659.1161618448576, 101.41407998383558], [336.4561599805844, 436.7220000110752],465.3395298446571, [294.1425664599909, -118.69701189291875], [-535.3372665116286, 319.68750109794104], -1092.231571674347
[691.4456648597942, 89.74889985662438], [181.481382096672, 523.8389002381793],669.6997074251743, [321.7941962410996, -103.92458151133253], [-534.6336324166542, 274.04406254045546], -22.12512493133545
[266.36828661127294, 314.52504962972546], [718.6783914833694, 171.8136090997002],474.2899811587441, [443.8458947785525, -114.8018766040585], [-407.7220736065129, 257.94802846809887], -908.1358313560486
[310.24282424440037, 301.8526545127387], [683.5044245564522, 194.1657571806183],388.48512214051726, [424.2449163323416, -137.87070702130922], [-443.61745217290945, 281.0018546021626], -933.3801865577698
[776.3257036590026, 393.3617407653201], [192.07469870221976, 904.9925401908982],776.6049907860925, [43.42299744591991, -157.6777249456972], [-347.1805633618309, 387.94915645506796], -1159.5692038536072
[997.9057693299022, 177.1319262679091], [750.9354095227653, 966.5797028279204],827.1772183388589, [347.861077839048, -52.68865413060483], [-307.52836732043414, 731.4040106035061], 745.8056211471558
[901.6419654031768, 184.52651300929676], [830.933203208339, 709.6289489838925],529.8417663015823, [274.00695942816037, 3.9706041972614825], [-310.414696496556, 794.18878471196], -1751.74480676651
[874.8274078725875, 183.10072178606237], [852.0700575048224, 655.485707836092],472.93284094176414, [249.5611346653577, 22.724904296918453], [-308.7924091436895, 791.6980266767786], -1726.068913936615
[416.841343210773, 920.8535008215676], [158.19025174234505, 985.5064155447614],266.6090517968466, [447.8656611508394, 152.5448520444149], [-403.6306331655532, 825.0319545879953], 893.7985897064209
[529.1705789074774, 445.1222744280022], [592.4657588800432, 940.0932117709978],499.001511642964, [-16.438210171125615, 95.83366501474379], [-276.9966905168049, 829.2059719786249], -312.1517300605774
[433.59683826876324, 455.23975285386973], [319.40784308315574, 778.0825495951395],342.44210901877057, [74.06447132294228, 186.1628933162904], [-316.51457645357056, 846.972946006069], 361.1612915992737
[426.12496839376905, 433.9012902301043], [345.4812743293477, 706.1805852656614],283.9708081782632, [65.80716284760362, 216.4035272849567], [-316.62941015099454, 879.6714179618295], 361.1612915992737
[417.101242762988, 357.7799311212867], [408.6234713351302, 527.3992950862427],169.83109621108613, [-14.592591031595365, 249.4525756096825], [-348.7185170550516, 997.4252333574865], 393.57972145080566
[426.5922913057713, 307.6177464253169], [453.8020101632659, 399.2554286120529],95.59201638662682, [-74.24522610871936, 229.93510819318115], [-374.76672490088833, 1054.5653073862134], 445.90306282043457
[493.8011194750192, 481.895273993547], [332.8976158121969, 905.445627838756],453.08370058232464, [-125.34038485251024, -20.22186760064975], [-177.62005511032027, 1281.316517332452], -1520.7812786102295
[30.81821072944694, 953.1293035987042], [26.96519740701928, 961.3398596549997],9.069671571582774, [-403.22100832349, 203.79350821619852], [34.345153021258064, 1112.3219104462858], -497.0715641975403
[862.1612792671166, 232.8865809668627], [791.2280841314736, 442.45595438809573],221.24836823877237, [135.02227507003937, 334.32788152270706], [372.4799625938732, 853.1982501956328], 2094.3615436553955
[846.5687983554893, 196.84767228236467], [771.2752530569356, 396.39039232494787],213.2754441693138, [159.68629420481446, 353.498858558747], [369.46230659306735, 846.1284966592417], 2094.3615436553955
[829.2059114180802, 159.94888660069893], [741.5152870118741, 327.00046871243273],188.66869558775153, [183.1776211791152, 372.4684346009172], [354.4711965689877, 839.8356570984928], 2094.3615436553955
[809.4267677538995, 122.17865823638449], [725.3786507877371, 288.40740168768036],186.268840966369, [211.476896104343, 382.2518426694234], [339.60997432862064, 828.652565049406], 2094.3615436553955
[786.0938791293659, 82.38780597946017], [699.7232026474956, 222.3287059832695],164.44862191521113, [241.04950804951147, 390.97533982415405], [306.3139087873119, 827.3403483617519], 2094.3615436553955
[665.4026273873367, 932.4014304842062], [639.7381140702324, 1000],72.30652698329123, [322.7624530096387, 321.14521262467423], [130.9546331596326, 843.347274790138], 2124.913454055786
[423.48977884550254, 522.4186756843874], [438.7322737046776, 887.5184812555622],365.4178453190834, [163.32486955723516, -432.0147504824661], [420.45816588009717, 1275.999695708839], 2867.4816489219666
[126.59446608835889, 773.2183232824356], [471.69777516474943, 991.6815869439093],408.43909154866327, [-176.60987441832967, 231.9247764299992], [827.1597909727195, 1387.5900675749726], -536.0197424888611
[339.3744632524839, 287.6144717493738], [626.4587108661069, 585.3027224280733],413.5645775692403, [-220.83421505893762, 273.41771791169225], [636.5118593205957, 1339.1819961581461], 2722.3734259605408
[520.1825307442754, 134.01448552056922], [987.1109053892651, 519.9100309011077],605.7536454641896, [-51.48570216353501, -71.89788734080052], [624.4417725108183, 1115.943849023814], 2669.922709465027
[523.7879897588988, 141.1309105916563], [959.3474380933044, 470.9738560967738],546.3592240759403, [-21.799211627528738, -66.74798902678181], [636.7570868693836, 1108.076724935357], 2651.7395973205566
[445.25669837104533, 540.2213231306852], [841.8701358295874, 948.5000744909912],569.2044954012674, [-231.39449031263004, 70.89105662572472], [609.0879491001275, 1697.8644332819724], 156.37290477752686
[619.8416698373064, 465.4940649465061], [685.4466714374752, 729.3896160913733],271.9280753232578, [-277.3031810337307, 196.42313130174196], [571.5114104420545, 1788.1542338028205], 2125.751852989197
[636.5925018492999, 335.31645088882715], [654.331164173498, 625.0112457068655],290.2373757559788, [246.3784501609502, -119.23027600122275], [652.4586334192472, 1923.6356550554983], 943.1242942810059
[587.4364872757415, 366.6900699277564], [587.9269276700406, 414.61166922909786],47.92410887412193, [215.329075424512, -173.9273162823669], [585.9782446084455, 1971.9502639643733], 996.0167407989502
[391.45270562979385, 529.2426968199336], [449.52161839790375, 738.6327900368343],217.2929123727986, [213.24474880773292, -176.8845697476252], [560.2806013561116, 1947.046803215665], 2228.3191680908203
[263.5501575296909, 834.1023472972496], [264.7412205442922, 919.730554226897],85.63649019600967, [106.94326900600963, -234.31994639631637], [26.80868427560843, 1834.0086395734925], 546.9141602516174
[252.20680801765315, 858.9563944413111], [263.497135688791, 845.8710999681552],17.282836294163747, [106.94326900600963, -234.31994639631637], [31.947847248828186, 1815.099829361471], 530.0610661506653
[142.397748724817, 98.8638950395648], [109.78123598644619, 186.4863647104538],93.49617154963175, [106.94326900600963, -234.31994639631637], [-266.3345102465546, 1610.0037883112661], 1377.516508102417
[725.7025381131164, 803.2133903962856], [716.9317054775825, 875.5396727710464],72.85615023643633, [202.59518446312703, 21.069638540909704], [-232.01311023555425, 1504.751168933498], -1460.3258967399597
[407.66568178673003, 767.7425566401928], [372.72401344263557, 822.7532816834681],65.16977870497591, [-53.43089554162109, 40.62119903753163], [-203.84248442535483, 1325.600758842016], 947.0324516296387
[559.6326156817846, 637.9277329950911], [527.8547212094176, 744.5229926052042],111.23121840762288, [-514.586449946878, 166.9840380758262], [-552.9171133647944, 1249.3875180653265], 674.0202307701111
[759.7186791199836, 548.8276924290845], [781.062117764996, 584.1794719604999],41.29516544622632, [-438.6989120231701, 242.69697358694322], [-475.64969248953525, 1190.831102214631], -242.93971061706543
[843.3397026759009, 501.88913424478824], [770.9296775867672, 600.6440642321608],122.45712690660278, [-387.9451881742472, 211.92810357657632], [-421.6351257051225, 1155.8749863141288], -852.0437479019165
[123.36655649969369, 273.07055305568264], [0, 526.7106520788178],282.05071723904183, [-155.96952022826449, 139.51245514999252], [-507.5771065111283, 1224.084863528125], 1039.5108461380005
[809.9519173373594, 244.87039845068426], [569.2983922972661, 819.911179416639],623.3666809255673, [-137.843601322642, 83.04844669852417], [-143.47465663735014, 1323.5110024903372], -509.3374252319336
[758.3792328300459, 187.1267558826939], [708.9752564044077, 406.785881928666],225.14636248881587, [126.88905105780438, -115.13586142326452], [-185.40199276136002, 1165.6138449797745], 716.0604596138
[734.2183313262003, 216.96521955024215], [732.1420913747355, 244.6309689794454],27.743548147551692, [109.07409820494946, -174.0645072593892], [-149.9375005085695, 1164.5724722775005], 664.7582650184631
[734.2183313262003, 216.96521955024215], [796.1717385381581, 628.5797300829299],416.2508017364469, [109.07409820494946, -174.0645072593892], [-149.9375005085695, 1164.5724722775005], -651.3683795928955
[590.3880260162372, 276.15399124765275], [820.66214974061, 1000],759.5914799704713, [-60.52735299627006, -203.78520890899125], [75.90930377499245, 1252.7791757427194], 410.248339176178
[607.5094467260805, 324.1732644211049], [916.4744901190319, 881.4170585220194],637.1656331777403, [-106.8487658545496, -243.53132645705466], [134.730760690864, 1251.1134840410516], -621.5846538543701
[694.9732426778648, 678.722388092569], [704.1991808186292, 684.241358145234],10.750672770549022, [159.73060818504533, -114.32988851494649], [293.36924339830955, 1007.7638424504], -267.2642469406128
[413.55614373633824, 725.6135195525075], [334.4167175783655, 861.5813868612235],157.3223115552712, [142.6197144969946, 30.070500837447604], [180.02864410171077, 803.9932688257668], 598.1565117835999
[513.2586618056642, 435.0756411929904], [629.1272499940113, 827.0452593773321],408.73672615552834, [-144.7464115463975, 329.3428231849745], [401.93135314736253, 886.1841266418867], 674.7219562530518
[455.7427711728686, 561.9694001807665], [542.4880846342612, 596.0037874628608],93.18309355877199, [-72.3913658567976, 233.72601394616512], [523.9187957254794, 815.6700934911926], -1694.8236227035522
[440.8381862189258, 610.0910123312835], [475.7767024241457, 922.2029847999116],314.0614323231684, [-72.3913658567976, 233.72601394616512], [496.06718188573717, 813.040279188038], -80.59287071228027
[425.9291828466568, 658.226889985582], [661.1297961437836, 789.2432955058929],269.2296919190138, [-72.3913658567976, 233.72601394616512], [478.92398644467073, 834.1854999794822], -1591.8638706207275
[78.62217493996114, 165.9411614596188], [387.12777583314966, 873.0527862691388],771.4807552513715, [7.546296138732809, -120.60172270074968], [549.2039499058684, 913.444700653774], -1932.7002167701721
[645.7776930761298, 292.4206310719031], [920.8775293699338, 633.339700416379],438.07046439081154, [-159.34769663636908, 46.01338783983757], [936.8995706595875, 872.0506461186268], 359.52699184417725
[662.4664258879711, 287.6015771938979], [873.9047290592769, 590.1092653728504],369.0759507951382, [-159.34769663636908, 46.01338783983757], [931.0404145098844, 854.350898463304], 333.34410190582275
[476.0849583327348, 545.4492180426513], [617.1787660860707, 602.420169861726],152.1615981038141, [-2.9064862840885524, -136.1153430502338], [-3.3295932838590345, 5.935701329529995], 444.1028833389282
[217.68293063137534, 140.80261596973867], [680.3249823937907, 450.0477694735782],556.480217999302, [573.7418858568636, -15.895094456397308], [-108.60090949173777, 292.8110426669277], -417.81967878341675
[931.9128953319085, 186.8933360694916], [709.2418000139626, 384.9872863197649],298.03293411274456, [522.9630801789168, -158.19088397354687], [-169.3346491871432, 312.87181347610226], -405.1406979560852
[779.6285104801124, 247.37098817353387], [727.5760125447205, 355.8642258798819],120.33389036061332, [481.4794732996807, -239.2126165841427], [-187.66547902240154, 274.73201304837073], -329.28717136383057
[661.8932299629734, 877.7662682692337], [771.231705079484, 887.4292450232034],109.76463574645328, [234.36963527135512, 118.47899483127303], [-37.0461990850035, 272.44399199429785], 1916.6734218597412
[58.990433502730504, 859.6672294478503], [665.4132104556967, 712.3940652931367],624.0496529023056, [-24.93396277507353, -76.66882364779688], [172.32898854851723, 151.05055931031566], 1918.9974069595337
[72.65863082870723, 865.8836234795895], [625.1718894459261, 666.4704286993205],587.3980960135053, [-41.658378086685794, 44.80486151087499], [146.50864584690575, 129.25536954983826], 473.29777479171753
[297.6108962331854, 585.0488800975724], [605.5361790826445, 635.1990582316237],311.98240364609745, [-336.13035492313657, 169.34497851850153], [6.535650177785823, 18.79859725253233], 1859.475553035736
[483.70538577295986, 506.9416825262942], [570.5844266738659, 595.3800979502879],123.97306590775351, [-349.6062448618655, 135.88882361451053], [87.59067380830291, 87.04321803802577], 9.612977504730225
[263.2057532282216, 546.0455819544801], [495.97831532687724, 417.286766817227],266.01108650114907, [-312.22864901617794, 472.082817662428], [224.090980620332, 344.91002802108216], 2301.3665676116943
[294.13633255218525, 499.2792295227038], [464.6073569142687, 384.8936275161847],205.2911008627793, [-312.22864901617794, 472.082817662428], [242.71008660859383, 330.5222403656894], 502.3335814476013
[359.34093925297503, 400.6913050869668], [431.5985203866544, 328.6259454320926],102.051820627937, [-312.22864901617794, 472.082817662428], [260.99413900413157, 258.37897410333983], 531.7499041557312
[391.20166025705, 352.51859898919673], [415.36636663063, 313.39084704148024],45.98819420898554, [-312.22864901617794, 472.082817662428], [244.68476479868752, 220.86698001142], 557.2606325149536
[643.348144292471, 460.28231984481937], [437.34295013840097, 945.8131796215735],527.426161480458, [-312.22864901617794, 472.082817662428], [-93.02428375173834, 304.8565465867118], 2563.102424144745
[329.71119318732804, 739.58530663845], [435.03110575613243, 724.5904794487336],106.38199483911768, [-246.27534857857967, 241.02366707184115], [-40.47774877614205, 77.66712075811341], 441.85519218444824
[403.01781843305565, 679.4232845725506], [445.49825455077325, 649.3364007378807],52.05581650144784, [-217.10092897519672, 160.4177362280761], [-2.5354812670318876, 111.73507600701723], 847.6964235305786
[403.01781843305565, 679.4232845725506], [438.30357182496283, 713.1690486128778],48.824798853655544, [-217.10092897519672, 160.4177362280761], [-2.5354812670318876, 111.73507600701723], 376.69700384140015
[403.01781843305565, 679.4232845725506], [494.1470043096677, 737.4188532083546],108.01858404887722, [-217.10092897519672, 160.4177362280761], [-2.5354812670318876, 111.73507600701723], 2564.022481441498
[424.6715415365344, 663.676983662511], [438.0309806170262, 707.965363925803],46.25943405286453, [-194.17246156383464, 138.54056797018228], [19.3678798184897, 128.75649888555012], 350.27867555618286
[443.082137341523, 651.2527180827695], [436.8663355682688, 704.0924241892743],53.20404808946577, [-180.05448191778808, 112.63988172769511], [46.565353515819204, 139.2640002489369], 325.50400495529175
[461.92813382222806, 641.0722229255387], [435.12414576880514, 699.444744467454],64.23242986785891, [-178.18097048437264, 81.16544777128567], [66.10419205668636, 143.84113773661713], 299.0261912345886
[512.3892198930265, 543.0581465022058], [420.11676031223607, 675.4017170105336],161.33514016475564, [149.59261889386116, -25.315872521422445], [-54.92896115783304, -52.49750190328117], 354.10749912261963
[252.6919521434793, 700.1431667480178], [433.98096098914, 728.181046695183],183.44434425779846, [-11.823221164682588, -16.2695490735658], [-33.799166354381555, -202.54168299013784], 62.46846914291382
[268.0762265865136, 729.3388116078497], [444.57409227353475, 709.751016334007],177.58146951684947, [-68.15465103337502, -121.09340710180619], [-25.444581282310068, -233.61217967597335], 803.1360507011414
[825.6855195062569, 387.73896824418375], [485.943588978806, 792.4173339234297],528.3835340047463, [-190.84096672224172, 209.8962512441749], [14.416914912067478, 83.0485742271554], 745.3697323799133
[317.00130013881494, 126.75510563950448], [359.66175630377467, 132.60259633671276],43.059350525250466, [-148.64342161395604, 154.6347861180924], [235.08931391962898, 151.726592274506], 4021.1461782455444
[331.95940065349686, 111.19408956017878], [335.59466515725535, 104.66341896006203],7.474276319451652, [-148.64342161395604, 154.6347861180924], [226.285168969983, 143.31345896509293], -154.76256608963013
[308.211562394774, 411.8018686735941], [853.7288611090148, 736.4095454517294],634.7907269484807, [-179.56794918266542, 44.02334023940651], [221.90353625238788, 16.77746219240213], -323.0704665184021
[749.6872207800286, 592.7813816518858], [704.7532326850632, 710.0404286348748],125.5736731384303, [-275.7378726986642, -29.877419515501227], [120.9054166515732, -25.308376640685335], -433.95769596099854
[973.9470382246838, 776.0776345249004], [551.945141928786, 563.2698308161533],472.62327682486637, [66.24082746140296, -47.351117405901476], [279.20717689408934, 112.1667935912447], -112.51562833786011
[62.30128417280302, 584.9378981822395], [240.05482296353475, 637.3286405203629],185.31354628134397, [-135.53773301938756, -227.17128000942765], [26.153761967337882, 6.413951497060729], -271.56007289886475
[117.80034388642105, 655.7647154010202], [237.78945116000284, 638.3251077913948],121.24984856851916, [-226.5590340130451, -236.89096469418445], [20.137251593034737, -31.19512348553506], -224.22009706497192
[142.20895362880924, 679.7812208543543], [236.91114551516688, 639.7760365239002],102.80525240178204, [-256.58613126170275, -240.09740004579317], [28.574435414775778, -47.70420703300515], -213.2282853126526
[170.8064415357174, 705.1126006283503], [235.88613132998927, 641.7191930948588],90.85202332598864, [-287.8299704494834, -243.4337648519569], [35.39406724995814, -72.23650493405314], -187.04372644424438
[798.0524736333957, 419.3381430630181], [998.996333864672, 363.8744915256965],208.45779334555985, [-174.2146805689258, 121.7746489354013], [11.24236348303282, 280.7915506749919], 3379.4312477111816
[761.0089021902403, 450.31828993686537], [997.8610653336411, 298.79634534723556],281.1722725980124, [-194.90561256144187, 177.74902980667036], [-6.558845312824971, 288.36067434779113], -1286.1810326576233
[533.7490854835607, 240.76982096019088], [283.5992026115763, 182.39574839978812],256.8705826834881, [315.097481637445, 396.45700450305304], [-404.21775833058547, 438.83439802996077], -1212.4040126800537
[465.53032881165814, 164.44084551729583], [314.7383604331269, 91.71954391557853],167.41148537098613, [341.1101101048624, 339.82998228661495], [-400.238204605462, 406.34052734984857], -1984.357237815857
[429.994192452915, 131.21219864451194], [324.4852338949988, 81.83394836459087],116.49185352067586, [353.90470822307765, 311.97735705890733], [-389.9779337101081, 401.7521641864289], -1984.357237815857
[393.1262315090366, 100.81054981857356], [337.8887562290797, 68.05054299474412],64.22146621186096, [366.70766630636655, 284.10653298103136], [-379.8265987040427, 393.51063142752037], -1984.357237815857
[393.1262315090366, 100.81054981857356], [303.31273790474717, 181.2485495364379],120.56838487770698, [366.70766630636655, 284.10653298103136], [-379.8265987040427, 393.51063142752037], 4348.416268825531
[951.4257954863775, 953.7563877232599], [418.8077443755091, 29.248417286596467],1066.956876246673, [495.4102840417318, 3.9331547719404165], [-220.04712140981303, 395.93751588532507], 4474.638104438782
[899.7994439036663, 954.8622287991014], [470.3529926169863, 954.0218141099518],429.4472736199085, [508.28498853956484, -24.09385443791527], [-202.82310654174714, 385.7589398990696], -1380.9508681297302
[14.227640381317597, 64.4818713910508], [700.2380335042166, 623.424222264017],884.8880217700048, [852.1397868417081, -772.6331005611503], [-291.85594949761474, 378.05976707023314], 4348.351836204529
[972.7940466747348, 16.777486212946997], [879.7544649310399, 246.0500798296658],247.431376253657, [852.1397868417081, -772.6331005611503], [-182.72690987260165, 536.6251330039961], -2470.807671546936
[753.798820278673, 305.2197696449561], [796.3952743519575, 445.4825140682575],146.5881829233646, [852.1397868417081, -772.6331005611503], [-254.59777302293568, 411.3385672447409], -2389.04070854187
[500.0, 500.0], [599.5910720044872, 593.078745331252],136.31593617564678, [0.0, 0.0], [17.208816300532558, 116.73521576323223], 52.49154567718506
[500.0, 500.0], [598.1544673568849, 584.0697692151421],129.23631671477267, [0.0, 0.0], [37.108702649782224, 145.44720751377457], 61.964213848114014
[500.0, 500.0], [609.6848699677608, 504.9248841073584],109.79537869744571, [0.0, 0.0], [3.7631481109560356, 207.5953453300156], 112.29753494262695
[500.0, 500.0], [609.4025696852221, 499.5069385506576],109.4036807576542, [0.0, 0.0], [15.952715216710464, 212.09081461190047], 112.29753494262695
[500.0, 500.0], [588.9885355990494, 454.12861563509665],100.11564998348655, [0.0, 0.0], [150.13900901205156, 264.2386279832018], 516.5940523147583
[500.0, 500.0], [892.6005961961378, 830.1482189746766],512.9649838202544, [0.0, 0.0], [329.7148776756794, 76.06475587008444], -687.3972415924072
[500.0, 500.0], [599.6586522939821, 593.3371211452775],136.54180737320354, [0.0, 0.0], [11.760266204676244, 96.25730479422892], 54.163575172424316
[500.0, 500.0], [650.9648987879401, 666.8293464622881],224.99429216557283, [0.0, 0.0], [-75.9207520805091, -143.4184014443822], 38.32733631134033
[500.0, 500.0], [725.8463073394719, 763.7483537875004],347.23154906271355, [0.0, 0.0], [-41.638743980128275, -45.90788068258825], 762.3507976531982
[500.0, 500.0], [712.4594286159879, 741.8419213376235],321.91073875238357, [0.0, 0.0], [71.20911824402344, 79.2684670595396], -320.3034996986389
[500.0, 500.0], [199.8459833876579, 766.0345201974336],401.0820360290409, [0.0, 0.0], [125.82268040513308, 39.91187751170678], -1502.2743940353394
[500.0, 500.0], [617.4367128562129, 179.41165280276482],341.4209570092727, [0.0, 0.0], [175.97830540837947, 82.5765549205575], -538.219690322876
[500.0, 500.0], [577.2084647899904, 168.84588995606222],340.0355740716251, [0.0, 0.0], [169.21580111321066, -11.95463144965401], -533.3046913146973
[500.0, 500.0], [553.2407005053058, 252.77362090053356],252.89415713481552, [0.0, 0.0], [75.24471618068438, -66.76384547257561], -185.98657846450806
[500.0, 500.0], [467.4727931539235, 284.1352877582303],218.30161056764902, [0.0, 0.0], [126.98352971497624, -52.11204447448699], -518.493115901947
[500.0, 500.0], [448.20438658186936, 246.53331178839042],258.70474986424534, [0.0, 0.0], [-15.512327721273175, 56.28234233026597], -892.456591129303
[500.0, 500.0], [274.0348916161009, 675.40482965671],286.0543383237645, [0.0, 0.0], [-315.960925542592, 552.9706369996685], -806.7769408226013
[500.0, 500.0], [276.10239539993495, 597.3355058636864],244.13999682024001, [0.0, 0.0], [-244.72396967532066, 653.1136044483111], 208.65768194198608
[500.0, 500.0], [507.0078305941224, 735.2752387974589],235.37958212393278, [0.0, 0.0], [-232.71339480605624, 554.8415201231071], 38.410842418670654
[500.0, 500.0], [520.7910876649795, 702.0683867435869],203.13518220005284, [0.0, 0.0], [-224.7499769209816, 546.5681769246827], 38.410842418670654
[500.0, 500.0], [895.2132333277882, 970.9134781774294],614.7788250473246, [0.0, 0.0], [52.78852239759195, 504.81366210509964], -1364.3892407417297
[500.0, 500.0], [613.1990432227028, 943.9672649225953],458.17131698676343, [0.0, 0.0], [202.9194721535162, 476.628843918621], -1072.5257396697998
[500.0, 500.0], [601.7397779969189, 916.0063208152447],428.26655412849914, [0.0, 0.0], [195.09286119663457, 499.51554999876276], -1072.5257396697998
[500.0, 500.0], [598.7213358849978, 908.0024640889859],419.7760270210804, [0.0, 0.0], [187.64573322574034, 501.54970691366753], -1072.5257396697998
[500.0, 500.0], [589.0132218620774, 881.5059346130239],391.7526411030617, [0.0, 0.0], [186.06353934762876, 514.3952593750886], -1072.5257396697998
[500.0, 500.0], [578.3615617799533, 851.7240676730856],360.3475463286725, [0.0, 0.0], [188.4268673197174, 533.4892347052455], -1072.5257396697998
[500.0, 500.0], [571.9819318363469, 833.6195758991184],341.29667436703824, [0.0, 0.0], [190.59629592487613, 548.0841474354607], -1072.5257396697998
[500.0, 500.0], [561.8502563734768, 804.4281614258281],310.6476455448759, [0.0, 0.0], [197.54129059513863, 565.5263736359955], -1072.5257396697998
[500.0, 500.0], [497.05860310468444, 610.9166268634051],110.95562144592589, [0.0, 0.0], [215.16215951537325, 706.5348266946413], -1237.5112771987915
[500.0, 500.0], [599.6124178718198, 595.9874284374494],138.33372767443416, [0.0, 0.0], [11.904718879553041, 82.90857132766699], 48.60866069793701
[500.0, 500.0], [573.5859231505865, 567.6270460765728],99.94151012950987, [0.0, 0.0], [157.5882014237364, 54.232665826880385], 49.15356636047363
[500.0, 500.0], [543.1257759349955, 562.9902153458703],76.33871743299434, [0.0, 0.0], [78.43901992643634, 78.95832450722682], 37.72783279418945
[500.0, 500.0], [527.1784191848568, 530.796770660506],41.07441481632571, [0.0, 0.0], [63.14973128571688, 204.409129441154], 49.120426177978516
[500.0, 500.0], [525.2801590906732, 523.8967179406927],34.78706041025563, [0.0, 0.0], [55.130128575826255, 224.96999348890438], 75.64181089401245
[500.0, 500.0], [523.5918028016439, 516.5031478573917],28.79109321707991, [0.0, 0.0], [46.134285433226836, 231.71867000747486], 100.42959451675415
[500.0, 500.0], [521.2771269321419, 503.7410604842534],21.603510456250373, [0.0, 0.0], [34.6807536658466, 229.6476255744822], 125.72509050369263
[500.0, 500.0], [519.4243244508573, 490.8327313843211],21.478901141450027, [0.0, 0.0], [29.281314329244427, 217.44192926507907], 144.9517011642456
[500.0, 500.0], [518.7711435919341, 483.537349325868],24.96747281900009, [0.0, 0.0], [10.634499308953332, 206.4310383090474], 144.9517011642456
[500.0, 500.0], [518.8328384053241, 480.14018393574145],27.369473807642553, [0.0, 0.0], [-7.0702231928928985, 197.4167939170076], 144.9517011642456
[500.0, 500.0], [519.1970593653725, 473.7708147815699],32.5038035543588, [0.0, 0.0], [-14.739807465526319, 193.21260284780467], 153.57494354248047
[500.0, 500.0], [517.3256932000941, 457.5727277792966],45.828518118672086, [0.0, 0.0], [-21.021720914119303, 183.04908650194406], 157.74065256118774
[156.12344105526154, 559.9958119139075], [466.21346587990456, 302.1550464994655],403.28362699873276, [-353.8823308889346, -35.401169031510186], [125.01786352258077, 44.58619638289107], -185.228168964386
[302.1506608158427, 574.6038718217308], [440.2224221699169, 291.22693713025575],315.22420338316806, [-353.8823308889346, -35.401169031510186], [140.12532281125763, 57.17875663665891], -491.3983941078186
[364.6723668667618, 952.1912136498933], [299.20517292664096, 219.22480074939992],735.8843087895066, [-324.1546342988165, 96.12221827448343], [7.25075235244719, -228.22480217642308], -133.95845890045166
[398.44212097363004, 940.3512973391508], [299.2017487895249, 224.89330347903942],722.3079623329477, [-317.1854471832436, 126.95579104830328], [-20.157077938869932, -259.36876522562017], -1214.5140767097473
[602.1986630998562, 777.2764806127394], [325.7100294382319, 370.76925066554696],491.62393406282763, [-211.43644275709374, 285.597759261421], [-23.003968894710315, -332.87359764366727], -812.7843141555786
[608.5435678615878, 45.50360148203743], [274.34315062612455, 758.5854622326398],787.5123230857401, [85.47325560559563, 307.65764031440307], [37.88125229223193, -373.04242411492], -390.653133392334
[178.74382212481126, 500.94857967131856], [156.62165101015322, 498.5040171128398],22.25682683871461, [85.47325560559563, 307.65764031440307], [39.52946543512924, -320.4113659067918], -1491.7146563529968
[56.25629874094864, 60.05953028114375], [163.70304118723752, 737.6532534224588],686.0598050482394, [85.47325560559563, 307.65764031440307], [-3.6357321031533614, -277.20416834598745], -595.2271223068237
[677.587516890841, 699.1698984525693], [526.5678881142536, 236.61791593039283],486.5812006346054, [85.47325560559563, 307.65764031440307], [-265.0406568369747, -165.05322623615524], -186.80256605148315
[650.9421724056838, 603.2610231957901], [539.8362591987685, 173.39611495040987],443.99140001845956, [85.47325560559563, 307.65764031440307], [-248.74710620897207, -254.58847711165072], -1986.047863960266
[624.8638164818508, 509.3930010880593], [593.8543479648642, 306.52295073824996],205.22632498449158, [85.47325560559563, 307.65764031440307], [-166.26171648834355, -300.07802609795806], -196.7281699180603
[616.0354807690705, 477.61575200525414], [576.5327754642618, 363.20473816369173],121.0386046460085, [85.47325560559563, 307.65764031440307], [-144.15706669585754, -295.8820029218256], -336.84390783309937
[345.90058966165657, 61.97207798819545], [719.1358472786716, 289.04329798686086],436.8820166590997, [-184.64124336165736, 556.7582978436641], [26.522719104095742, -408.3339929179526], -230.52626848220825
[422.7965088560271, 832.7766107083276], [708.2658686716758, 353.0122735402277],558.2710583685156, [-184.64124336165736, 556.7582978436641], [130.87882615669434, -412.68452326661424], -240.15480279922485
[441.31383806402056, 776.9403495201398], [698.8610928323126, 466.15645262605415],403.6300521608335, [-184.64124336165736, 556.7582978436641], [146.19030131292672, -421.2484996653549], 86.24267578125
[60.63339185218939, 901.7779105926948], [139.6797405247103, 223.1239723189017],683.2418994565447, [-184.64124336165736, 556.7582978436641], [16.392115760845474, -718.9751044592857], 346.77231311798096
[648.1067423892891, 131.3450533770496], [853.6375497317163, 512.2121597694181],432.78477965211033, [-184.64124336165736, 556.7582978436641], [331.72814391448696, -674.1888326003997], 533.3120226860046
[762.4390638853832, 788.3693945880074], [780.0797428269183, 678.1936256869155],111.57909126025858, [-184.64124336165736, 556.7582978436641], [252.9551040793458, -705.5951741655904], 681.5804839134216
[781.2597920480658, 731.6182788283008], [771.2610647449688, 704.3130891978237],29.078306835818555, [-184.64124336165736, 556.7582978436641], [220.39517409361864, -704.9698621739251], 681.5804839134216
[819.8179164572229, 615.3519705905582], [839.0298389417579, 403.97965226052105],212.2436216279922, [-184.64124336165736, 556.7582978436641], [151.50855487950906, -693.6808234781847], 559.4922304153442
[819.8179164572229, 615.3519705905582], [818.478819729455, 483.58252178409225],131.7762528637317, [-184.64124336165736, 556.7582978436641], [152.0826958756605, -695.229491005745], -2215.2132391929626
[724.2517799861362, 903.5174882421065], [893.3464738643366, 233.52570313761626],691.000729091702, [-184.64124336165736, 556.7582978436641], [296.52421739970197, -702.173563660519], 688.8865828514099
[990.732954411467, 99.98301035829408], [683.1301429872751, 16.61696910476457],318.69952373725334, [-184.64124336165736, 556.7582978436641], [262.07249745129144, -538.1802626432723], 841.3293361663818
[407.4213905512905, 848.0969735016841], [462.09091481006135, 628.3391402053392],226.45587247361127, [-184.64124336165736, 556.7582978436641], [254.63436126198062, -683.3781358595247], 896.0995078086853
[445.0494642181786, 734.635095405043], [444.20507623966694, 682.2592853318573],52.38261612291499, [-184.64124336165736, 556.7582978436641], [209.91067217536065, -688.2692488145507], 947.0470547676086
[953.9717160343044, 200.58953573022376], [491.2907317425038, 34.32832752208744],491.64670504342723, [-184.64124336165736, 556.7582978436641], [-131.85986389457634, -731.7525159235514], -2080.9884071350098
[144.38021968316764, 627.1180463834828], [519.9603428729819, 411.87832893927225],432.8840085990006, [-184.64124336165736, 556.7582978436641], [23.256082555048465, -779.7696130134431], 5.532383918762207
[261.5163842178658, 261.95979098205146], [582.5235397425986, 367.87478891825884],338.02896427067725, [-184.64124336165736, 556.7582978436641], [73.89012500445214, -868.0944206592551], -228.49702835083008
[318.95246526345704, 88.76980300564482], [552.4969132575319, 291.5463688970421],309.2916824998133, [-184.64124336165736, 556.7582978436641], [98.42024163304174, -870.9179220949902], -930.9616684913635
[564.5669267818738, 308.1548145487401], [558.872589477218, 0],308.20742237478254, [-46.648386644008966, 395.6787070676955], [-119.05592340981279, -926.7778474389073], -549.4676828384399
[564.5898088077745, 161.40292011183763], [578.1683641489577, 149.66650829184843],17.947716499932742, [26.20600612786181, 305.6405006579703], [-88.60360242998124, -948.3227474946119], -652.4143218994141
[794.5176564665925, 539.0086625464713], [884.1632943327538, 179.91736000550188],370.1120154074993, [-89.12569895734306, 241.29814762234423], [392.77853736897964, -1152.1778767523917], -2191.858649253845
[813.314038721026, 488.1194995659142], [852.6919779160665, 272.09171089735656],219.58740303641127, [-89.12569895734306, 241.29814762234423], [385.2220072492746, -1116.317812015168], -2190.3226375579834
[80.16190568583383, 765.5549364509773], [433.25223454677183, 249.2722677317359],625.4762780113946, [-89.12569895734306, 241.29814762234423], [363.9853134751465, -1160.1672097635678], 440.9725069999695
[237.14060070280655, 340.5521733096998], [232.59066743270319, 17.309556126959297],323.27463781730563, [-89.12569895734306, 241.29814762234423], [243.53593905414428, -1111.9375506887418], 321.22528553009033
[301.4894512265004, 166.33465115118113], [152.70394317982763, 151.0296552637074],149.5706197881861, [-89.12569895734306, 241.29814762234423], [250.78624986012738, -1000.227313162546], -803.4524917602539
[732.6526652870167, 1000], [810.7876417786923, 902.3322532607268],125.07622997389035, [-89.12569895734306, 241.29814762234423], [32.23282841718781, -666.5250678597479], -1029.6995043754578
[814.8573224801008, 777.4398210765809], [811.6002004024214, 773.9944383342429],4.741255790411167, [-89.12569895734306, 241.29814762234423], [-21.56394935726365, -686.7522304508693], -3488.685667514801
[805.9283141858352, 801.6141410170287], [819.4307819542686, 310.7142253321826],491.0855769163116, [-89.12569895734306, 241.29814762234423], [-23.52174338778096, -665.3543224178401], -175.52661895751953
[869.810744275504, 628.6594015133459], [813.1017558861724, 320.2287008056683],313.6007118983793, [-89.12569895734306, 241.29814762234423], [15.635237464854468, -781.225078123327], -851.8975377082825
[354.08724796246224, 317.74614597347266], [528.168296794303, 215.14355069780143],202.06806803574122, [-89.12569895734306, 241.29814762234423], [156.5107503432463, -395.82525941205347], -3537.2822284698486
[987.3195609658011, 605.7896309797814], [976.5019397227339, 577.9661623853935],29.852409182197377, [-89.12569895734306, 241.29814762234423], [299.3354634746239, -534.3274067944251], -4368.162512779236
[500.0, 500.0], [606.7153457039304, 561.7119614131288],123.2742113751489, [0.0, 0.0], [22.84675195437736, 57.2284570484852], -300.48322677612305
[500.0, 500.0], [584.7273205900162, 519.7084535565538],86.9893211604403, [0.0, 0.0], [117.22281584592346, -58.65919611028274], -649.8115658760071
[500.0, 500.0], [579.5866770611817, 526.4619956464733],83.87059305403055, [0.0, 0.0], [154.90930196959982, -37.487986089909214], -661.2243056297302
[500.0, 500.0], [450.66643330912666, 969.5345287635349],472.1191316856771, [0.0, 0.0], [162.45947106221067, 483.236563581121], -389.38242197036743
[500.0, 500.0], [436.8634030131023, 962.3702189089663],466.6609574552079, [0.0, 0.0], [123.15671182031687, 516.7552656225215], -393.94611120224
[500.0, 500.0], [425.4004492411438, 658.2266679154235],174.93076176888061, [0.0, 0.0], [-66.45915208326336, 474.24799009668357], -35.948872566223145
[500.0, 500.0], [420.9333505636092, 700.6828673494817],215.6968898725867, [0.0, 0.0], [-64.68136582335785, 474.5304415647897], -398.74446392059326
[500.0, 500.0], [422.67566486195176, 490.29734111263895],77.930702512076, [0.0, 0.0], [64.56940126163555, 483.42173517755566], 193.32915544509888
[517.4114725041526, 170.84560839945783], [421.80690411677733, 681.7877109499242],519.8096436727849, [-253.472227189597, -24.657388362688163], [-5.939111035687802, 469.1887791631966], 311.6118311882019
[500.0, 500.0], [599.5975151507847, 592.0547725344892],135.62354578238742, [0.0, 0.0], [10.675782510982824, 123.6265032202793], 59.493064880371094
[404.6612292817343, 446.98149567514207], [687.8297127631798, 504.3290015599233],288.9171619485189, [42.630108082684266, -43.5642158757376], [-18.468950748736994, -160.96760662084722], 427.5529384613037
[401.86215735106384, 451.95986441415863], [684.4622857403853, 517.4866373430464],290.0975534818158, [12.94647599245263, -52.43856652057953], [6.9932047604425005, -164.23575248898334], -657.115638256073
[823.7157760853067, 488.3506782552681], [818.3296095171667, 500.2293935778182],13.042801386739582, [207.63883519067738, -352.42184365145886], [-137.07112552994354, 0.7019992535210162], 345.27093172073364
[306.9181199529119, 771.090091995968], [932.5437000520433, 467.0119878337692],695.6082661277479, [456.8565447794042, -21.167295664696404], [-171.58830474885036, 33.11853115115145], 531.4791202545166
[306.9181199529119, 771.090091995968], [940.7213473044083, 466.777071328103],703.0739260911139, [456.8565447794042, -21.167295664696404], [-172.74662322137274, 31.893106508195743], -552.4046421051025
[73.8350779849209, 825.3160831870774], [5.12749186612755, 300.69385743924033],529.1022700186477, [454.6193924829242, -10.999231114328843], [-28.802311490770855, 60.0413291778746], 929.9542903900146
[749.3523734386421, 833.2014725218639], [27.89443555116914, 274.58125119019155],912.446221879126, [454.6193924829242, -10.999231114328843], [-64.12321740159376, 59.6476741356232], 183.15356969833374
[985.1004253509329, 948.6266979428236], [957.8462956018424, 981.6924972790314],42.850142054870965, [454.6193924829242, -10.999231114328843], [106.8008286659653, 182.35247208371226], 1405.1481485366821
[337.06897446993696, 223.29526061311853], [258.08686692426977, 318.17701889774463],123.45331655138939, [292.72549139962274, -135.9523035600092], [210.3199837176934, 461.69231328802516], 994.6202635765076
[487.0588384028402, 153.63454396411112], [33.07782066236541, 473.65784998448856],555.4400785547343, [292.72549139962274, -135.9523035600092], [254.67503101731947, 431.7843023257343], 603.4687757492065
[739.2251273774666, 501.48044781197774], [767.024292889143, 714.5883043170943],214.9133595367001, [292.72549139962274, -135.9523035600092], [323.9866400461883, 663.3294969214857], -1068.5483813285828
[718.8811334056406, 975.5416232857277], [674.7496050433803, 52.27360278894274],924.3221459359505, [292.72549139962274, -135.9523035600092], [341.2070769129914, 667.638678414308], 930.1318526268005
[688.7940791368349, 989.5151392771827], [662.1004286164081, 28.437838696065143],961.4479334162587, [292.72549139962274, -135.9523035600092], [361.32123289941285, 655.0793416617664], 955.8274745941162
[390.0896457905358, 128.0466698992201], [246.73444513513488, 819.1654415039578],705.8299157866518, [292.72549139962274, -135.9523035600092], [258.09280986544337, 513.4569973777562], 1058.3899021148682
[239.55171159759405, 197.96193019595924], [492.23833174518603, 722.1612057178305],581.9238854517557, [292.72549139962274, -135.9523035600092], [306.43877839412363, 546.4687554853299], 1140.234649181366
[998.5363390432279, 458.93000936402933], [1000, 1000],541.0719703239171, [292.72549139962274, -135.9523035600092], [178.2457386520336, 2250.2876554176273], 2176.9301891326904
[476.46497440130173, 95.01942902127918], [444.1035674274321, 607.5891522147044],513.5902859244059, [292.72549139962274, -135.9523035600092], [-108.04260770728449, 2350.273742661767], 1825.8270621299744
[460.1456293134253, 31.47181161221902], [229.9163688015061, 932.687262607398],930.1584819310681, [292.72549139962274, -135.9523035600092], [-494.38403233153787, 2400.4938485740618], 1081.0781121253967
[932.0161170782238, 135.76932904180632], [765.721918886524, 973.3916443487649],853.9700834645265, [292.72549139962274, -135.9523035600092], [-503.3246814096174, 2659.16695067525], 379.53120470046997
[901.7973668230828, 149.80400941162245], [779.0802154326952, 902.7942485346364],762.9245044300943, [292.72549139962274, -135.9523035600092], [-502.73289187846694, 2652.567103546705], 394.0710425376892
[500.0, 500.0], [592.7773336672435, 561.1050867646217],111.09214765641619, [0.0, 0.0], [65.23910831866213, 192.66815513599505], 76.13462209701538
[500.0, 500.0], [578.3483807823915, 432.5252259286858],103.39880998927164, [0.0, 0.0], [143.65420402485714, 214.1532247992611], 163.29210996627808
[500.0, 500.0], [274.4014274545662, 839.5813566139849],407.68886873979244, [0.0, 0.0], [5.469612884614808, 158.4852003837313], -45.384347438812256
[500.0, 500.0], [429.64451443649955, 651.7230955943273],167.2417175396178, [0.0, 0.0], [-217.80969277731947, 263.3174663851274], 712.1889591217041
[500.0, 500.0], [477.6329416622788, 501.5879045172297],22.423352546817362, [0.0, 0.0], [-310.8625674298962, 202.68710651026194], -141.7953372001648
[500.0, 500.0], [492.61254694887003, 492.93069535603854],10.224946490411796, [0.0, 0.0], [-339.43384937166365, 176.22198007877745], -115.71288108825684
[500.0, 500.0], [548.2023761830133, 559.567052603464],76.62703717065261, [0.0, 0.0], [-376.8970633422633, 172.12163040347698], 457.20165967941284
[500.0, 500.0], [80.92543126204889, 619.847795784228],435.8749686747768, [0.0, 0.0], [-183.51947522792028, 342.51037126647446], 249.74513053894043
[500.0, 500.0], [119.542678891847, 564.8269573111957],385.94080838778865, [0.0, 0.0], [-226.82270175767863, 271.62162773805386], 249.99457597732544
[500.0, 500.0], [612.9512011999249, 718.8009087039682],246.23527672165116, [0.0, 0.0], [-41.083559640409185, 313.0836756915889], 764.2986178398132
[500.0, 500.0], [523.3741816476329, 566.7873582545496],70.75947703536325, [0.0, 0.0], [35.963691332749505, 266.09408706794227], 393.7438130378723
[500.0, 500.0], [508.41546885385645, 507.72917576801365],11.426297479195847, [0.0, 0.0], [92.60656343977631, 280.2555684432015], 513.3730173110962
[500.0, 500.0], [505.53041091109156, 498.7594170723643],5.667847108546759, [0.0, 0.0], [86.19206339068155, 273.4432758405877], 539.612352848053
[500.0, 500.0], [502.8616786450125, 489.697033686264],10.693003297918679, [0.0, 0.0], [66.86313075053963, 260.5207934370188], 566.1083459854126
[500.0, 500.0], [681.0899419772517, 276.0980721715237],287.9681238794193, [0.0, 0.0], [-354.8357303593061, -151.3846052442572], 1175.0211715698242
[500.0, 500.0], [305.37064886747913, 477.04379501303134],195.97849797788996, [0.0, 0.0], [-414.0470656909012, -133.9565854115172], 1714.1785025596619
[500.0, 500.0], [370.41360864753403, 434.0438901184284],145.4057813653378, [0.0, 0.0], [-464.28606537397894, -175.49917032750338], 949.8293995857239
[500.0, 500.0], [79.41880236900658, 12.153065691619258],644.1142562580076, [0.0, 0.0], [-484.0784006760087, -468.9593201446661], -1228.4454703330994
[500.0, 500.0], [98.11196089048589, 30.620467136833255],617.9248674799671, [0.0, 0.0], [-482.28588694880347, -478.8900441210114], -1225.56871175766
[500.0, 500.0], [113.93313119971167, 46.668934802527524],595.4466238533342, [0.0, 0.0], [-480.81859003356175, -494.70053249681075], -1225.56871175766
[500.0, 500.0], [314.59617930487457, 204.63696787357705],348.7318417857259, [0.0, 0.0], [-493.56913449313396, -535.0941118053961], 1991.5324449539185
[500.0, 500.0], [493.6173400704515, 468.0071561239197],32.62331079236921, [0.0, 0.0], [-384.9083539004659, -539.1386818638033], -1353.907823562622
[500.0, 500.0], [445.7067434239129, 422.548748019142],94.58569734922499, [0.0, 0.0], [-385.46691291432586, -540.5420894293625], 201.70265436172485
[500.0, 500.0], [510.75217660626606, 493.1974109430755],12.723384756020073, [0.0, 0.0], [-367.19377566429796, -559.0971503527396], -1327.2724747657776
[500.0, 500.0], [461.074157432338, 445.2320089865096],67.19191959794105, [0.0, 0.0], [-368.76242151304365, -560.4928975385161], 228.33800315856934
[500.0, 500.0], [466.5782381345945, 453.6422129922022],57.149440788587064, [0.0, 0.0], [-361.5127261542235, -575.3847243467598], 236.38546466827393
[500.0, 500.0], [478.71561081044865, 473.6977716415699],33.835372611976595, [0.0, 0.0], [-364.1572656417072, -607.6361811938871], 236.38546466827393
[500.0, 500.0], [494.2302550206205, 499.84460285368135],5.771837263831918, [0.0, 0.0], [-375.1244452246512, -634.0677293935115], 251.66141986846924
[500.0, 500.0], [512.3268106550988, 171.9418741108579],328.2896346563852, [0.0, 0.0], [-447.64608847422386, -631.9087576919737], 3676.8908500671387
[500.0, 500.0], [530.3279013793224, 196.87326242184815],304.64011659144245, [0.0, 0.0], [-458.5473290468858, -623.5446338047573], 3683.7406158447266
[500.0, 500.0], [516.8032525318994, 298.2109904383657],202.4874160917565, [0.0, 0.0], [-381.1862072766306, -654.4878500737693], 833.8605165481567
[500.0, 500.0], [82.53755219300876, 380.51830222806643],434.2243330715916, [0.0, 0.0], [-448.91666411470237, -495.83778698614265], 662.4534130096436
[500.0, 500.0], [187.66246051203132, 228.83792785549372],413.62254283718727, [0.0, 0.0], [-296.2827567479087, -595.3918405115397], -2980.8693528175354
[500.0, 500.0], [561.8076499991041, 171.9439469682072],333.82773930458535, [0.0, 0.0], [-345.39021516111745, -768.2496614126648], -2807.3794841766357
[500.0, 500.0], [581.6823404050408, 218.24473658209538],293.356495066562, [0.0, 0.0], [-323.5196395159719, -777.9598950652777], -2807.3794841766357
[500.0, 500.0], [580.7601121870755, 338.83508636935727],180.26737116306307, [0.0, 0.0], [-196.97194420206003, -816.523230279957], 437.8316402435303
[500.0, 500.0], [47.27628063649688, 230.13550623453526],527.0537079554744, [0.0, 0.0], [-158.8375637751099, -604.7798656369854], -3300.571322441101
[500.0, 500.0], [158.901258745229, 360.9575170823911],368.3492409948509, [0.0, 0.0], [-162.2664144893059, -561.8291966160078], 2472.347378730774
[500.0, 500.0], [454.1831392524281, 234.13083187994033],269.7880636455493, [0.0, 0.0], [-121.14099712436706, -376.34013732901224], 2345.0925946235657
[500.0, 500.0], [417.31641681185243, 360.15894060215965],162.45644592425884, [0.0, 0.0], [-185.24664693154523, -473.5367294041114], -3023.5015153884888
[500.0, 500.0], [364.91586524074296, 287.29960420248767],251.97059716577152, [0.0, 0.0], [-206.92668480110183, -485.5687337945974], 581.0436010360718
[500.0, 500.0], [532.3531301405147, 436.3504557022852],71.40020671675846, [0.0, 0.0], [-238.62261495693195, -455.0644584019613], 2598.74564409256
[500.0, 500.0], [476.62573285439936, 476.7549657282339],32.96495082492139, [0.0, 0.0], [-254.95451854338745, -436.5140382128865], -3005.1703453063965
[500.0, 500.0], [491.80356921169636, 502.52949365605105],8.577867790042838, [0.0, 0.0], [-259.4850284767052, -445.05313147556006], -3030.2980542182922
[500.0, 500.0], [668.5585003584102, 74.55956706242885],457.61504566740825, [0.0, 0.0], [-79.70962275970355, -431.09410207992056], 1212.2967839241028
[379.5572052025934, 858.3999652879481], [954.9170414491201, 769.8590286160485],582.1326641173533, [-195.46811389333268, -94.75091378691381], [-8.268568933770657, -202.9536805358507], 3678.53045463562
[597.7827624898756, 854.1439991427943], [847.6514439900278, 820.3860322082566],252.13876799528043, [-338.45176852194294, 104.01140016485496], [185.7143315851641, -99.80163575613292], -2442.595601081848
[741.1946585024393, 804.4627168935442], [764.9605074141084, 760.0874776759889],50.338627614462645, [-352.4160684181552, 123.423245297062], [172.93500266738243, -85.58232176979855], 557.1529865264893
[935.1529543093417, 685.3425013546191], [934.3255377910546, 679.2588894888917],6.139621440085226, [-352.4160684181552, 123.423245297062], [146.37320580673625, -86.17086431352733], 987.8647923469543
[187.82062118034546, 596.7637857667485], [904.1879815958206, 696.76850967067],723.3139981168171, [-352.4160684181552, 123.423245297062], [77.26362914768423, -37.39290196722044], 1135.889708995819
[763.4189450251854, 597.4673783160993], [783.9815011150725, 948.1368074704568],351.2717854545007, [-357.3338427844576, -266.3343585039191], [-56.677700009800134, -120.43127915757172], 688.2290244102478
[873.23479742964, 693.5151450253669], [841.6981424153691, 79.08810341894477],615.2358491397499, [-358.4951197158768, -358.37121917012314], [-47.969281688148804, -115.81096463239759], 3701.12681388855
[351.3418251430908, 432.76674459894616], [847.8582219389011, 198.61542786326635],548.958442339807, [-363.163411993013, -728.3561506152715], [45.88135478538867, -198.13649567092236], 3627.5083422660828
[610.836784436232, 953.2066992121472], [775.5213919335467, 109.97986472149096],859.1580264140453, [-363.163411993013, -728.3561506152715], [94.02348284617837, -97.8433149333809], 419.44873332977295
[648.3206018561286, 27.19103402510654], [772.7067436302411, 112.79690988487813],150.99761007104794, [-363.163411993013, -728.3561506152715], [98.09449277740204, -97.93443302107964], 445.2524185180664
[686.0292802734511, 102.81910378605077], [825.0561036216993, 238.8389028543919],194.4989546216043, [-363.163411993013, -728.3561506152715], [105.16693430724854, -101.51708441804217], 3453.2352685928345
[129.56383306376762, 994.2870751315367], [704.4178536601983, 196.18833607520725],983.5744721571339, [-363.163411993013, -728.3561506152715], [211.99957065238047, -236.60066470161973], 463.87535333633423
[650.3642420066806, 37.15597441734008], [620.7729910927545, 291.92588740355643],256.48265183761487, [-363.163411993013, -728.3561506152715], [49.88949126863673, -230.25144116266588], 395.7595229148865
[765.8062502887346, 270.97764655863034], [447.80987262741235, 636.0192790172148],484.1250764355742, [-363.163411993013, -728.3561506152715], [178.7154748241871, -73.75179865666692], -3137.3661756515503
[691.3037495568232, 121.55633138123409], [475.45713970697994, 652.8811045030455],573.4943535176391, [-363.163411993013, -728.3561506152715], [144.181575965488, -128.33955057465076], 3605.489432811737
[729.5636274772686, 198.28988020493028], [468.8323380889044, 657.8612352305266],528.3811461683522, [-363.163411993013, -728.3561506152715], [157.47040516167516, -98.09707888680781], 3605.489432811737
[255.5934150759418, 236.38101135094482], [320.3808921304153, 576.660488773384],346.3921764964853, [-392.64308215387206, -668.9746527507589], [151.0052056514183, -123.55333585959222], 1380.15216588974
[214.59569760840955, 164.01194750254345], [343.4998555486531, 684.8120354347174],536.5156228148844, [-380.37419040591396, -698.3064432742166], [165.84044735966225, -122.91539702830691], -3294.058918952942
[255.5934150759418, 236.38101135094482], [341.15061277922905, 686.628616837493],458.30441883666117, [-392.64308215387206, -668.9746527507589], [152.4671631647943, -124.40258226652294], -3320.554196834564
[212.3552718555064, 695.7526293311704], [377.2653021358407, 897.8268168025272],260.82426138929225, [-139.26796497191225, -469.28979874143624], [-131.93330888249457, 12.310692515252613], 3255.2565932273865
[455.21004142212746, 513.6946658460412], [488.87971686906116, 856.6085423082505],344.5628733845846, [-139.26796497191225, -469.28979874143624], [-70.32597211638691, 26.478642171159635], -3956.9777250289917
[440.8211571598797, 465.2085936836025], [499.25832924080225, 903.7442068474352],442.41201056684037, [-139.26796497191225, -469.28979874143624], [-70.96545376713014, -0.8537808339241395], 2888.266623020172
[540.492238945471, 801.0691910645929], [528.3887382415974, 839.6515682686071],40.436302501607386, [-139.26796497191225, -469.28979874143624], [-237.96069000199222, 59.17628432235898], -4008.06987285614
[711.4551160401036, 376.5111944310237], [610.680301749048, 668.8515807625466],309.22235474793996, [-139.26796497191225, -469.28979874143624], [-219.3118134853818, 23.177877773338327], 1047.7854013442993
[725.4251641592977, 423.585918841529], [621.9940897714052, 667.3609097400624],264.80980596762987, [-139.26796497191225, -469.28979874143624], [-235.07250046591355, 37.83612982520419], 1047.7854013442993
[782.5166411214555, 615.9664690910126], [686.8367750680717, 852.6658201108424],255.30612907096858, [-139.26796497191225, -469.28979874143624], [-251.47130926096492, 146.21206562190193], 2839.804232120514
[868.6505562526531, 906.2110181865936], [727.8492419033172, 745.1474065790251],213.93105690052158, [-139.26796497191225, -469.28979874143624], [-154.70134471617584, 312.29519633028167], -4341.635167598724
[444.18595656236016, 842.0473944423309], [163.21965884400328, 197.0766759248551],703.5121094896017, [-139.26796497191225, -469.28979874143624], [-284.41225629415715, 407.1339770641948], 2717.5748348236084
[631.3984740201387, 471.9380617777855], [267.7246078713026, 928.5720982081558],583.7579328337512, [-139.26796497191225, -469.28979874143624], [-231.37294566281304, 396.1023481006586], -4465.967416763306
[659.4093281323853, 566.3259426631196], [259.9909472600362, 763.5487437337177],445.45692972589586, [-139.26796497191225, -469.28979874143624], [-278.8036993739289, 407.6925044375095], 1043.774664402008
[903.273534640895, 753.5243157698623], [73.47790523803748, 566.5615294919173],850.5973606994658, [-139.26796497191225, -469.28979874143624], [-425.779519942914, 247.75423537720755], 432.0800304412842
[500.0, 500.0], [599.559370412119, 597.6502529853168],139.4547960629318, [0.0, 0.0], [18.556504804134644, 56.443109461167026], 50.96936225891113
[500.0, 500.0], [521.8709191852482, 590.2452726110314],92.85766707519112, [0.0, 0.0], [227.19183692165916, 5.641790363321746], -5.49769401550293
[500.0, 500.0], [525.6260536575463, 587.9742947505946],91.63062349959178, [0.0, 0.0], [211.59811249667294, 33.663300325534266], -9.418249130249023
[500.0, 500.0], [437.9563909820409, 607.4252920418393],124.05483783491812, [0.0, 0.0], [212.9057495537999, -92.72953350223109], -45.89676856994629
[500.0, 500.0], [400.1192343313511, 623.2325498349422],158.6266960173384, [0.0, 0.0], [139.26422460487493, -52.462848781093044], -408.42264890670776
